{
 "cells": [
  {
   "cell_type": "code",
   "execution_count": 2,
   "id": "9f009a18",
   "metadata": {},
   "outputs": [
    {
     "name": "stdout",
     "output_type": "stream",
     "text": [
      "hi\n"
     ]
    }
   ],
   "source": [
    "print('hi')"
   ]
  },
  {
   "cell_type": "code",
   "execution_count": 2,
   "id": "e5993499",
   "metadata": {},
   "outputs": [
    {
     "name": "stdout",
     "output_type": "stream",
     "text": [
      "[[ 0.          1.          2.         ... 47.         48.\n",
      "  49.        ]\n",
      " [ 1.          1.70710678  2.51447807 ... 47.04008186 48.03929341\n",
      "  49.03853541]\n",
      " [ 2.          2.51447807  3.15737528 ... 47.09443421 48.0925777\n",
      "  49.09079284]\n",
      " ...\n",
      " [47.         47.04008186 47.09443421 ... 66.69007326 67.40083627\n",
      "  68.11891914]\n",
      " [48.         48.03929341 48.0925777  ... 67.40083627 68.10412528\n",
      "  68.81481438]\n",
      " [49.         49.03853541 49.09079284 ... 68.11891914 68.81481438\n",
      "  69.51818398]]\n"
     ]
    }
   ],
   "source": [
    "import numpy as np\n",
    "import skfmm\n",
    "\n",
    "# Размер 3D сетки\n",
    "shape = (50, 50)\n",
    "\n",
    "# Случайная скорость волны в каждой точке (между 1 и 3)\n",
    "# speed = [[1000, 1000, 1000],[1000, 1, 1000],[1000,1000,1000]]\n",
    "# speed = [[1, 1, 1],[1, 1, 1],[1, 1, 1]]\n",
    "speed = np.ones(shape)\n",
    "\n",
    "# speed = [[10, 20], [1, 10]]\n",
    "\n",
    "# Создаем функцию расстояния: -1 в начальной точке, +1 в остальных\n",
    "phi = np.ones(shape)\n",
    "phi[0, 0] = 0  # Начальная точка волны\n",
    "\n",
    "# Вычисляем решение уравнения Эйкена: время достижения каждой точки\n",
    "travel_time = skfmm.travel_time(phi, speed, self_test=True)\n",
    "\n",
    "# Время до целевой точки (19, 19, 19)\n",
    "print(travel_time)\n",
    "\n",
    "\n"
   ]
  },
  {
   "cell_type": "code",
   "execution_count": 4,
   "id": "f61fa8fa",
   "metadata": {},
   "outputs": [
    {
     "ename": "SyntaxError",
     "evalue": "invalid syntax. Perhaps you forgot a comma? (357319145.py, line 2)",
     "output_type": "error",
     "traceback": [
      "\u001b[0;36m  Cell \u001b[0;32mIn[4], line 2\u001b[0;36m\u001b[0m\n\u001b[0;31m    [[0.35355339 0.5       ]\u001b[0m\n\u001b[0m      ^\u001b[0m\n\u001b[0;31mSyntaxError\u001b[0m\u001b[0;31m:\u001b[0m invalid syntax. Perhaps you forgot a comma?\n"
     ]
    }
   ],
   "source": [
    "# c -1\n",
    "[[0.35355339 0.5       ]\n",
    " [0.5        1.20710678]]\n",
    "\n",
    "# c 0\n",
    " [[0.         1.        ]\n",
    " [1.         1.70710678]]"
   ]
  },
  {
   "cell_type": "code",
   "execution_count": 5,
   "id": "816c75c5",
   "metadata": {},
   "outputs": [
    {
     "ename": "NameError",
     "evalue": "name 'draw_matrix' is not defined",
     "output_type": "error",
     "traceback": [
      "\u001b[0;31m---------------------------------------------------------------------------\u001b[0m",
      "\u001b[0;31mNameError\u001b[0m                                 Traceback (most recent call last)",
      "Cell \u001b[0;32mIn[5], line 1\u001b[0m\n\u001b[0;32m----> 1\u001b[0m \u001b[43mdraw_matrix\u001b[49m(np\u001b[38;5;241m.\u001b[39marray(diff_matrix))\n",
      "\u001b[0;31mNameError\u001b[0m: name 'draw_matrix' is not defined"
     ]
    }
   ],
   "source": [
    "draw_matrix(np.array(diff_matrix))\n"
   ]
  },
  {
   "cell_type": "code",
   "execution_count": 6,
   "id": "2126c546",
   "metadata": {},
   "outputs": [],
   "source": [
    "import numpy as np\n",
    "import matplotlib.pyplot as plt\n",
    "\n",
    "def draw_matrix(matrix, cell_size=1.0, font_size=10):\n",
    "    n = len(matrix)\n",
    "    fig, ax = plt.subplots(figsize=(n * cell_size, n * cell_size), dpi=500)\n",
    "    ax.set_xlim(0, n)\n",
    "    ax.set_ylim(0, n)\n",
    "\n",
    "    ax.set_xticks([])\n",
    "    ax.set_yticks([])\n",
    "    \n",
    "    # Рисуем сетку и заполняем значения\n",
    "    for i in range(n):\n",
    "        for j in range(n):\n",
    "            # Квадратик\n",
    "            rect = plt.Rectangle((j, n - 1 - i), 1, 1, fill=True, edgecolor='black', facecolor='white', lw=2)\n",
    "            ax.add_patch(rect)\n",
    "            # Текст (значение матрицы)\n",
    "            val = matrix[i, j]\n",
    "            text = f\"{val:.3f}\" if isinstance(val, (float, np.floating)) else str(val)\n",
    "            ax.text(j + 0.5, n - 0.5 - i, text, ha='center', va='center', fontsize=font_size)\n",
    "    \n",
    "    plt.gca().invert_yaxis()  # Чтобы матрица выглядела как в математической нотации\n",
    "    plt.box(False)\n",
    "    plt.show()"
   ]
  },
  {
   "cell_type": "code",
   "execution_count": 7,
   "id": "c7072a48",
   "metadata": {},
   "outputs": [],
   "source": [
    "import ucvm"
   ]
  },
  {
   "cell_type": "code",
   "execution_count": 8,
   "id": "fa1da111",
   "metadata": {},
   "outputs": [],
   "source": [
    "point_1 = ucvm.Point(-118.573, 35.396, 8500) # 2012-01-25 06:51:21.700\n",
    "point_2 = ucvm.Point(-118.474, 35.66278, 1500) # 2012-01-25 06:51:27.220\n",
    "\n",
    "grid = ucvm.get_3d_grid(point_1, point_2, 10, 10, 10)"
   ]
  },
  {
   "cell_type": "code",
   "execution_count": null,
   "id": "977b949a",
   "metadata": {},
   "outputs": [],
   "source": []
  },
  {
   "cell_type": "code",
   "execution_count": 9,
   "id": "1f829501",
   "metadata": {},
   "outputs": [],
   "source": [
    "vels, _ = ucvm.get_velocities(grid)"
   ]
  },
  {
   "cell_type": "code",
   "execution_count": 10,
   "id": "06355c6a",
   "metadata": {},
   "outputs": [
    {
     "name": "stdout",
     "output_type": "stream",
     "text": [
      "[1, 0]\n",
      "[1.41, 1]\n"
     ]
    }
   ],
   "source": [
    "import math\n",
    "\n",
    "def distance_matrix(rows, cols):\n",
    "    # Создаем пустую матрицу\n",
    "    matrix = [[0 for _ in range(cols)] for _ in range(rows)]\n",
    "    \n",
    "    # Координаты центра верхней правой ячейки\n",
    "    center_x = cols - 0.5\n",
    "    center_y = 0.5\n",
    "    \n",
    "    for i in range(rows):\n",
    "        for j in range(cols):\n",
    "            # Координаты центра текущей ячейки\n",
    "            cell_x = j + 0.5\n",
    "            cell_y = i + 0.5\n",
    "            \n",
    "            # Вычисляем расстояние между центрами\n",
    "            distance = math.sqrt((cell_x - center_x)**2 + (cell_y - center_y)**2)\n",
    "            \n",
    "            # Округляем до двух знаков после запятой\n",
    "            rounded_distance = round(distance, 2)\n",
    "            \n",
    "            # Для целых чисел убираем .0\n",
    "            if rounded_distance == int(rounded_distance):\n",
    "                matrix[i][j] = int(rounded_distance)\n",
    "            else:\n",
    "                matrix[i][j] = rounded_distance\n",
    "    \n",
    "    return matrix\n",
    "\n",
    "# Пример использования\n",
    "rows, cols = 2, 2\n",
    "result = distance_matrix(rows, cols)\n",
    "for row in result:\n",
    "    print(row)"
   ]
  },
  {
   "cell_type": "code",
   "execution_count": 1,
   "id": "e22463ce",
   "metadata": {},
   "outputs": [
    {
     "name": "stdout",
     "output_type": "stream",
     "text": [
      "[0, 1, 2, 3, 4, 5, 6, 7, 8, 9, 10, 11, 12, 13, 14, 15, 16, 17, 18, 19, 20, 21, 22, 23, 24, 25, 26, 27, 28, 29, 30, 31, 32, 33, 34, 35, 36, 37, 38, 39, 40, 41, 42, 43, 44, 45, 46, 47, 48, 49]\n",
      "[1, 1.41421, 2.23607, 3.16228, 4.12311, 5.09902, 6.08276, 7.07107, 8.06226, 9.05539, 10.04988, 11.04536, 12.04159, 13.0384, 14.03567, 15.0333, 16.03122, 17.02939, 18.02776, 19.0263, 20.02498, 21.0238, 22.02272, 23.02173, 24.02082, 25.01999, 26.01922, 27.01851, 28.01785, 29.01724, 30.01666, 31.01612, 32.01562, 33.01515, 34.0147, 35.01428, 36.01389, 37.01351, 38.01316, 39.01282, 40.0125, 41.01219, 42.0119, 43.01163, 44.01136, 45.01111, 46.01087, 47.01064, 48.01042, 49.0102]\n",
      "[2, 2.23607, 2.82843, 3.60555, 4.47214, 5.38516, 6.32456, 7.28011, 8.24621, 9.21954, 10.19804, 11.18034, 12.16553, 13.15295, 14.14214, 15.13275, 16.12452, 17.11724, 18.11077, 19.10497, 20.09975, 21.09502, 22.09072, 23.08679, 24.08319, 25.07987, 26.07681, 27.07397, 28.07134, 29.06888, 30.06659, 31.06445, 32.06244, 33.06055, 34.05877, 35.0571, 36.05551, 37.05401, 38.0526, 39.05125, 40.04997, 41.04875, 42.04759, 43.04649, 44.04543, 45.04442, 46.04346, 47.04253, 48.04165, 49.0408]\n",
      "[3, 3.16228, 3.60555, 4.24264, 5, 5.83095, 6.7082, 7.61577, 8.544, 9.48683, 10.44031, 11.40175, 12.36932, 13.34166, 14.31782, 15.29706, 16.27882, 17.26268, 18.24829, 19.23538, 20.22375, 21.2132, 22.2036, 23.19483, 24.18677, 25.17936, 26.1725, 27.16616, 28.16026, 29.15476, 30.14963, 31.14482, 32.14032, 33.13608, 34.1321, 35.12834, 36.12478, 37.12142, 38.11824, 39.11521, 40.11234, 41.10961, 42.10701, 43.10452, 44.10215, 45.09989, 46.09772, 47.09565, 48.09366, 49.09175]\n",
      "[4, 4.12311, 4.47214, 5, 5.65685, 6.40312, 7.2111, 8.06226, 8.94427, 9.84886, 10.77033, 11.7047, 12.64911, 13.60147, 14.56022, 15.52417, 16.49242, 17.46425, 18.43909, 19.41649, 20.39608, 21.37756, 22.36068, 23.34524, 24.33105, 25.31798, 26.30589, 27.29469, 28.28427, 29.27456, 30.26549, 31.257, 32.24903, 33.24154, 34.23449, 35.22783, 36.22154, 37.21559, 38.20995, 39.20459, 40.1995, 41.19466, 42.19005, 43.18565, 44.18144, 45.17743, 46.17359, 47.16991, 48.16638, 49.16299]\n",
      "[5, 5.09902, 5.38516, 5.83095, 6.40312, 7.07107, 7.81025, 8.60233, 9.43398, 10.29563, 11.18034, 12.08305, 13, 13.92839, 14.86607, 15.81139, 16.76305, 17.72005, 18.68154, 19.64688, 20.61553, 21.58703, 22.56103, 23.5372, 24.5153, 25.4951, 26.4764, 27.45906, 28.44293, 29.42788, 30.41381, 31.40064, 32.38827, 33.37664, 34.36568, 35.35534, 36.34556, 37.33631, 38.32754, 39.31921, 40.31129, 41.30375, 42.29657, 43.28972, 44.28318, 45.27693, 46.27094, 47.26521, 48.25971, 49.25444]\n",
      "[6, 6.08276, 6.32456, 6.7082, 7.2111, 7.81025, 8.48528, 9.21954, 10, 10.81665, 11.6619, 12.52996, 13.41641, 14.31782, 15.23155, 16.15549, 17.08801, 18.02776, 18.97367, 19.92486, 20.88061, 21.84033, 22.80351, 23.76973, 24.73863, 25.70992, 26.68333, 27.65863, 28.63564, 29.61419, 30.59412, 31.57531, 32.55764, 33.54102, 34.52535, 35.51056, 36.49658, 37.48333, 38.47077, 39.45884, 40.4475, 41.4367, 42.42641, 43.41659, 44.40721, 45.39824, 46.38965, 47.38143, 48.37355, 49.36598]\n",
      "[7, 7.07107, 7.28011, 7.61577, 8.06226, 8.60233, 9.21954, 9.89949, 10.63015, 11.40175, 12.20656, 13.0384, 13.89244, 14.76482, 15.65248, 16.55295, 17.46425, 18.38478, 19.31321, 20.24846, 21.18962, 22.13594, 23.08679, 24.04163, 25, 25.96151, 26.92582, 27.89265, 28.86174, 29.83287, 30.80584, 31.7805, 32.75668, 33.73426, 34.71311, 35.69314, 36.67424, 37.65634, 38.63936, 39.62323, 40.60788, 41.59327, 42.57934, 43.56604, 44.55334, 45.54119, 46.52956, 47.51842, 48.50773, 49.49747]\n",
      "[8, 8.06226, 8.24621, 8.544, 8.94427, 9.43398, 10, 10.63015, 11.31371, 12.04159, 12.80625, 13.60147, 14.42221, 15.26434, 16.12452, 17, 17.88854, 18.78829, 19.69772, 20.61553, 21.54066, 22.47221, 23.4094, 24.35159, 25.29822, 26.24881, 27.20294, 28.16026, 29.12044, 30.08322, 31.04835, 32.01562, 32.98485, 33.95585, 34.9285, 35.90265, 36.87818, 37.85499, 38.83298, 39.81206, 40.79216, 41.7732, 42.75512, 43.73786, 44.72136, 45.70558, 46.69047, 47.67599, 48.6621, 49.64877]\n",
      "[9, 9.05539, 9.21954, 9.48683, 9.84886, 10.29563, 10.81665, 11.40175, 12.04159, 12.72792, 13.45362, 14.21267, 15, 15.81139, 16.64332, 17.49286, 18.35756, 19.23538, 20.12461, 21.0238, 21.93171, 22.84732, 23.76973, 24.69818, 25.63201, 26.57066, 27.51363, 28.4605, 29.41088, 30.36445, 31.32092, 32.28002, 33.24154, 34.20526, 35.17101, 36.13862, 37.10795, 38.07887, 39.05125, 40.02499, 41, 41.97618, 42.95346, 43.93177, 44.91102, 45.89118, 46.87217, 47.85394, 48.83646, 49.81967]\n",
      "[10, 10.04988, 10.19804, 10.44031, 10.77033, 11.18034, 11.6619, 12.20656, 12.80625, 13.45362, 14.14214, 14.86607, 15.6205, 16.40122, 17.20465, 18.02776, 18.86796, 19.72308, 20.59126, 21.47091, 22.36068, 23.25941, 24.16609, 25.07987, 26, 26.92582, 27.85678, 28.79236, 29.73214, 30.67572, 31.62278, 32.57299, 33.52611, 34.48188, 35.44009, 36.40055, 37.36308, 38.32754, 39.29377, 40.26164, 41.23106, 42.2019, 43.17407, 44.14748, 45.12206, 46.09772, 47.07441, 48.05206, 49.0306, 50.01]\n",
      "[11, 11.04536, 11.18034, 11.40175, 11.7047, 12.08305, 12.52996, 13.0384, 13.60147, 14.21267, 14.86607, 15.55635, 16.27882, 17.02939, 17.80449, 18.60108, 19.41649, 20.24846, 21.09502, 21.9545, 22.82542, 23.70654, 24.59675, 25.4951, 26.40076, 27.313, 28.23119, 29.15476, 30.08322, 31.01612, 31.95309, 32.89377, 33.83785, 34.78505, 35.73514, 36.68787, 37.64306, 38.60052, 39.56008, 40.5216, 41.48494, 42.44997, 43.41659, 44.38468, 45.35416, 46.32494, 47.29693, 48.27007, 49.24429, 50.21952]\n",
      "[12, 12.04159, 12.16553, 12.36932, 12.64911, 13, 13.41641, 13.89244, 14.42221, 15, 15.6205, 16.27882, 16.97056, 17.69181, 18.43909, 19.20937, 20, 20.80865, 21.63331, 22.47221, 23.32381, 24.18677, 25.05993, 25.94224, 26.83282, 27.73085, 28.63564, 29.54657, 30.46309, 31.38471, 32.31099, 33.24154, 34.17601, 35.1141, 36.05551, 37, 37.94733, 38.8973, 39.84972, 40.80441, 41.76123, 42.72002, 43.68066, 44.64303, 45.60702, 46.57252, 47.53946, 48.50773, 49.47727, 50.44799]\n",
      "[13, 13.0384, 13.15295, 13.34166, 13.60147, 13.92839, 14.31782, 14.76482, 15.26434, 15.81139, 16.40122, 17.02939, 17.69181, 18.38478, 19.10497, 19.84943, 20.61553, 21.40093, 22.2036, 23.02173, 23.85372, 24.69818, 25.55386, 26.41969, 27.29469, 28.17801, 29.06888, 29.96665, 30.8707, 31.7805, 32.69557, 33.61547, 34.53983, 35.4683, 36.40055, 37.33631, 38.27532, 39.21734, 40.16217, 41.10961, 42.05948, 43.01163, 43.9659, 44.92215, 45.88028, 46.84015, 47.80167, 48.76474, 49.72927, 50.69517]\n",
      "[14, 14.03567, 14.14214, 14.31782, 14.56022, 14.86607, 15.23155, 15.65248, 16.12452, 16.64332, 17.20465, 17.80449, 18.43909, 19.10497, 19.79899, 20.51828, 21.26029, 22.02272, 22.80351, 23.60085, 24.41311, 25.23886, 26.07681, 26.92582, 27.78489, 28.6531, 29.52965, 30.41381, 31.30495, 32.20248, 33.10589, 34.0147, 34.9285, 35.8469, 36.76955, 37.69615, 38.62642, 39.56008, 40.49691, 41.4367, 42.37924, 43.32436, 44.27189, 45.22168, 46.17359, 47.12749, 48.08326, 49.0408, 50, 50.96077]\n",
      "[15, 15.0333, 15.13275, 15.29706, 15.52417, 15.81139, 16.15549, 16.55295, 17, 17.49286, 18.02776, 18.60108, 19.20937, 19.84943, 20.51828, 21.2132, 21.93171, 22.67157, 23.43075, 24.20744, 25, 25.80698, 26.62705, 27.45906, 28.30194, 29.15476, 30.01666, 30.88689, 31.76476, 32.64966, 33.54102, 34.43835, 35.34119, 36.24914, 37.16181, 38.07887, 39, 39.92493, 40.8534, 41.78516, 42.72002, 43.65776, 44.59821, 45.54119, 46.48656, 47.43416, 48.38388, 49.33559, 50.28916, 51.24451]\n",
      "[16, 16.03122, 16.12452, 16.27882, 16.49242, 16.76305, 17.08801, 17.46425, 17.88854, 18.35756, 18.86796, 19.41649, 20, 20.61553, 21.26029, 21.93171, 22.62742, 23.34524, 24.08319, 24.83948, 25.6125, 26.40076, 27.20294, 28.01785, 28.84441, 29.68164, 30.52868, 31.38471, 32.24903, 33.12099, 34, 34.88553, 35.77709, 36.67424, 37.57659, 38.48376, 39.39543, 40.31129, 41.23106, 42.15448, 43.08132, 44.01136, 44.94441, 45.88028, 46.8188, 47.75982, 48.70318, 49.64877, 50.59644, 51.5461]\n",
      "[17, 17.02939, 17.11724, 17.26268, 17.46425, 17.72005, 18.02776, 18.38478, 18.78829, 19.23538, 19.72308, 20.24846, 20.80865, 21.40093, 22.02272, 22.67157, 23.34524, 24.04163, 24.75884, 25.4951, 26.24881, 27.01851, 27.80288, 28.6007, 29.41088, 30.23243, 31.06445, 31.90611, 32.75668, 33.61547, 34.48188, 35.35534, 36.23534, 37.12142, 38.01316, 38.91015, 39.81206, 40.71855, 41.62932, 42.54409, 43.46263, 44.38468, 45.31004, 46.23851, 47.16991, 48.10405, 49.0408, 49.98, 50.92151, 51.86521]\n",
      "[18, 18.02776, 18.11077, 18.24829, 18.43909, 18.68154, 18.97367, 19.31321, 19.69772, 20.12461, 20.59126, 21.09502, 21.63331, 22.2036, 22.80351, 23.43075, 24.08319, 24.75884, 25.45584, 26.1725, 26.90725, 27.65863, 28.42534, 29.20616, 30, 30.80584, 31.62278, 32.44996, 33.28663, 34.1321, 34.98571, 35.8469, 36.71512, 37.58989, 38.47077, 39.35734, 40.24922, 41.14608, 42.04759, 42.95346, 43.86342, 44.77723, 45.69464, 46.61545, 47.53946, 48.46648, 49.39636, 50.32892, 51.26402, 52.20153]\n",
      "[19, 19.0263, 19.10497, 19.23538, 19.41649, 19.64688, 19.92486, 20.24846, 20.61553, 21.0238, 21.47091, 21.9545, 22.47221, 23.02173, 23.60085, 24.20744, 24.83948, 25.4951, 26.1725, 26.87006, 27.58623, 28.3196, 29.06888, 29.83287, 30.61046, 31.40064, 32.20248, 33.01515, 33.83785, 34.66987, 35.51056, 36.35932, 37.21559, 38.07887, 38.94868, 39.82462, 40.70626, 41.59327, 42.48529, 43.38202, 44.28318, 45.18849, 46.09772, 47.01064, 47.92703, 48.8467, 49.76947, 50.69517, 51.62364, 52.55473]\n",
      "[20, 20.02498, 20.09975, 20.22375, 20.39608, 20.61553, 20.88061, 21.18962, 21.54066, 21.93171, 22.36068, 22.82542, 23.32381, 23.85372, 24.41311, 25, 25.6125, 26.24881, 26.90725, 27.58623, 28.28427, 29, 29.73214, 30.4795, 31.241, 32.01562, 32.80244, 33.6006, 34.4093, 35.22783, 36.05551, 36.89173, 37.73592, 38.58756, 39.44617, 40.31129, 41.18252, 42.05948, 42.94182, 43.82921, 44.72136, 45.61798, 46.51881, 47.42362, 48.33218, 49.24429, 50.15974, 51.07837, 52, 52.92447]\n",
      "[21, 21.0238, 21.09502, 21.2132, 21.37756, 21.58703, 21.84033, 22.13594, 22.47221, 22.84732, 23.25941, 23.70654, 24.18677, 24.69818, 25.23886, 25.80698, 26.40076, 27.01851, 27.65863, 28.3196, 29, 29.69848, 30.41381, 31.14482, 31.89044, 32.64966, 33.42155, 34.20526, 35, 35.80503, 36.61967, 37.44329, 38.27532, 39.11521, 39.96248, 40.81666, 41.67733, 42.54409, 43.41659, 44.29447, 45.17743, 46.06517, 46.95743, 47.85394, 48.75449, 49.65884, 50.56679, 51.47815, 52.39275, 53.31041]\n",
      "[22, 22.02272, 22.09072, 22.2036, 22.36068, 22.56103, 22.80351, 23.08679, 23.4094, 23.76973, 24.16609, 24.59675, 25.05993, 25.55386, 26.07681, 26.62705, 27.20294, 27.80288, 28.42534, 29.06888, 29.73214, 30.41381, 31.1127, 31.82766, 32.55764, 33.30165, 34.05877, 34.82815, 35.60899, 36.40055, 37.20215, 38.01316, 38.83298, 39.66106, 40.49691, 41.34005, 42.19005, 43.04649, 43.909, 44.77723, 45.65085, 46.52956, 47.41308, 48.30114, 49.1935, 50.08992, 50.9902, 51.89412, 52.80152, 53.7122]\n",
      "[23, 23.02173, 23.08679, 23.19483, 23.34524, 23.5372, 23.76973, 24.04163, 24.35159, 24.69818, 25.07987, 25.4951, 25.94224, 26.41969, 26.92582, 27.45906, 28.01785, 28.6007, 29.20616, 29.83287, 30.4795, 31.14482, 31.82766, 32.52691, 33.24154, 33.97058, 34.71311, 35.4683, 36.23534, 37.01351, 37.80212, 38.60052, 39.40812, 40.22437, 41.04875, 41.88078, 42.72002, 43.56604, 44.41846, 45.27693, 46.14109, 47.01064, 47.88528, 48.76474, 49.64877, 50.53712, 51.42956, 52.3259, 53.22593, 54.12947]\n",
      "[24, 24.02082, 24.08319, 24.18677, 24.33105, 24.5153, 24.73863, 25, 25.29822, 25.63201, 26, 26.40076, 26.83282, 27.29469, 27.78489, 28.30194, 28.84441, 29.41088, 30, 30.61046, 31.241, 31.89044, 32.55764, 33.24154, 33.94113, 34.65545, 35.38361, 36.12478, 36.87818, 37.64306, 38.41875, 39.20459, 40, 40.80441, 41.6173, 42.43819, 43.26662, 44.10215, 44.94441, 45.79301, 46.64762, 47.50789, 48.37355, 49.24429, 50.11986, 51, 51.88449, 52.7731, 53.66563, 54.56189]\n",
      "[25, 25.01999, 25.07987, 25.17936, 25.31798, 25.4951, 25.70992, 25.96151, 26.24881, 26.57066, 26.92582, 27.313, 27.73085, 28.17801, 28.6531, 29.15476, 29.68164, 30.23243, 30.80584, 31.40064, 32.01562, 32.64966, 33.30165, 33.97058, 34.65545, 35.35534, 36.06938, 36.79674, 37.53665, 38.28838, 39.05125, 39.82462, 40.60788, 41.40048, 42.2019, 43.01163, 43.82921, 44.65423, 45.48626, 46.32494, 47.16991, 48.02083, 48.8774, 49.73932, 50.60632, 51.47815, 52.35456, 53.23533, 54.12024, 55.00909]\n",
      "[26, 26.01922, 26.07681, 26.1725, 26.30589, 26.4764, 26.68333, 26.92582, 27.20294, 27.51363, 27.85678, 28.23119, 28.63564, 29.06888, 29.52965, 30.01666, 30.52868, 31.06445, 31.62278, 32.20248, 32.80244, 33.42155, 34.05877, 34.71311, 35.38361, 36.06938, 36.76955, 37.48333, 38.20995, 38.94868, 39.69887, 40.45986, 41.23106, 42.0119, 42.80187, 43.60046, 44.40721, 45.22168, 46.04346, 46.87217, 47.70744, 48.54894, 49.39636, 50.24938, 51.10773, 51.97115, 52.83938, 53.7122, 54.58938, 55.47071]\n",
      "[27, 27.01851, 27.07397, 27.16616, 27.29469, 27.45906, 27.65863, 27.89265, 28.16026, 28.4605, 28.79236, 29.15476, 29.54657, 29.96665, 30.41381, 30.88689, 31.38471, 31.90611, 32.44996, 33.01515, 33.6006, 34.20526, 34.82815, 35.4683, 36.12478, 36.79674, 37.48333, 38.18377, 38.8973, 39.62323, 40.36087, 41.10961, 41.86884, 42.63801, 43.41659, 44.20407, 45, 45.80393, 46.61545, 47.43416, 48.25971, 49.09175, 49.92995, 50.77401, 51.62364, 52.47857, 53.33854, 54.20332, 55.07268, 55.9464]\n",
      "[28, 28.01785, 28.07134, 28.16026, 28.28427, 28.44293, 28.63564, 28.86174, 29.12044, 29.41088, 29.73214, 30.08322, 30.46309, 30.8707, 31.30495, 31.76476, 32.24903, 32.75668, 33.28663, 33.83785, 34.4093, 35, 35.60899, 36.23534, 36.87818, 37.53665, 38.20995, 38.8973, 39.59798, 40.31129, 41.03657, 41.7732, 42.52058, 43.27817, 44.04543, 44.82187, 45.60702, 46.40043, 47.20169, 48.01042, 48.82622, 49.64877, 50.47772, 51.31277, 52.15362, 53, 53.85165, 54.70832, 55.56978, 56.4358]\n",
      "[29, 29.01724, 29.06888, 29.15476, 29.27456, 29.42788, 29.61419, 29.83287, 30.08322, 30.36445, 30.67572, 31.01612, 31.38471, 31.7805, 32.20248, 32.64966, 33.12099, 33.61547, 34.1321, 34.66987, 35.22783, 35.80503, 36.40055, 37.01351, 37.64306, 38.28838, 38.94868, 39.62323, 40.31129, 41.01219, 41.72529, 42.44997, 43.18565, 43.93177, 44.68781, 45.45327, 46.2277, 47.01064, 47.80167, 48.60041, 49.40648, 50.21952, 51.0392, 51.86521, 52.69725, 53.53504, 54.3783, 55.22681, 56.0803, 56.93856]\n",
      "[30, 30.01666, 30.06659, 30.14963, 30.26549, 30.41381, 30.59412, 30.80584, 31.04835, 31.32092, 31.62278, 31.95309, 32.31099, 32.69557, 33.10589, 33.54102, 34, 34.48188, 34.98571, 35.51056, 36.05551, 36.61967, 37.20215, 37.80212, 38.41875, 39.05125, 39.69887, 40.36087, 41.03657, 41.72529, 42.42641, 43.13931, 43.86342, 44.59821, 45.34314, 46.09772, 46.8615, 47.63402, 48.41487, 49.20366, 50, 50.80354, 51.61395, 52.43091, 53.25411, 54.08327, 54.91812, 55.75841, 56.60389, 57.45433]\n",
      "[31, 31.01612, 31.06445, 31.14482, 31.257, 31.40064, 31.57531, 31.7805, 32.01562, 32.28002, 32.57299, 32.89377, 33.24154, 33.61547, 34.0147, 34.43835, 34.88553, 35.35534, 35.8469, 36.35932, 36.89173, 37.44329, 38.01316, 38.60052, 39.20459, 39.82462, 40.45986, 41.10961, 41.7732, 42.44997, 43.13931, 43.84062, 44.55334, 45.27693, 46.01087, 46.75468, 47.50789, 48.27007, 49.0408, 49.81967, 50.60632, 51.40039, 52.20153, 53.00943, 53.82379, 54.6443, 55.47071, 56.30275, 57.14018, 57.98276]\n",
      "[32, 32.01562, 32.06244, 32.14032, 32.24903, 32.38827, 32.55764, 32.75668, 32.98485, 33.24154, 33.52611, 33.83785, 34.17601, 34.53983, 34.9285, 35.34119, 35.77709, 36.23534, 36.71512, 37.21559, 37.73592, 38.27532, 38.83298, 39.40812, 40, 40.60788, 41.23106, 41.86884, 42.52058, 43.18565, 43.86342, 44.55334, 45.25483, 45.96738, 46.69047, 47.42362, 48.16638, 48.9183, 49.67897, 50.44799, 51.22499, 52.00961, 52.80152, 53.60037, 54.40588, 55.21775, 56.0357, 56.85948, 57.68882, 58.5235]\n",
      "[33, 33.01515, 33.06055, 33.13608, 33.24154, 33.37664, 33.54102, 33.73426, 33.95585, 34.20526, 34.48188, 34.78505, 35.1141, 35.4683, 35.8469, 36.24914, 36.67424, 37.12142, 37.58989, 38.07887, 38.58756, 39.11521, 39.66106, 40.22437, 40.80441, 41.40048, 42.0119, 42.63801, 43.27817, 43.93177, 44.59821, 45.27693, 45.96738, 46.66905, 47.38143, 48.10405, 48.83646, 49.57822, 50.32892, 51.08816, 51.85557, 52.63079, 53.41348, 54.20332, 55, 55.80323, 56.61272, 57.42822, 58.24946, 59.07622]\n",
      "[34, 34.0147, 34.05877, 34.1321, 34.23449, 34.36568, 34.52535, 34.71311, 34.9285, 35.17101, 35.44009, 35.73514, 36.05551, 36.40055, 36.76955, 37.16181, 37.57659, 38.01316, 38.47077, 38.94868, 39.44617, 39.96248, 40.49691, 41.04875, 41.6173, 42.2019, 42.80187, 43.41659, 44.04543, 44.68781, 45.34314, 46.01087, 46.69047, 47.38143, 48.08326, 48.79549, 49.51767, 50.24938, 50.9902, 51.73973, 52.49762, 53.2635, 54.03702, 54.81788, 55.60576, 56.40035, 57.2014, 58.00862, 58.82176, 59.64059]\n",
      "[35, 35.01428, 35.0571, 35.12834, 35.22783, 35.35534, 35.51056, 35.69314, 35.90265, 36.13862, 36.40055, 36.68787, 37, 37.33631, 37.69615, 38.07887, 38.48376, 38.91015, 39.35734, 39.82462, 40.31129, 40.81666, 41.34005, 41.88078, 42.43819, 43.01163, 43.60046, 44.20407, 44.82187, 45.45327, 46.09772, 46.75468, 47.42362, 48.10405, 48.79549, 49.49747, 50.20956, 50.93133, 51.66237, 52.40229, 53.15073, 53.90733, 54.67175, 55.44367, 56.22277, 57.00877, 57.80138, 58.60034, 59.40539, 60.21628]\n",
      "[36, 36.01389, 36.05551, 36.12478, 36.22154, 36.34556, 36.49658, 36.67424, 36.87818, 37.10795, 37.36308, 37.64306, 37.94733, 38.27532, 38.62642, 39, 39.39543, 39.81206, 40.24922, 40.70626, 41.18252, 41.67733, 42.19005, 42.72002, 43.26662, 43.82921, 44.40721, 45, 45.60702, 46.2277, 46.8615, 47.50789, 48.16638, 48.83646, 49.51767, 50.20956, 50.91169, 51.62364, 52.34501, 53.07542, 53.8145, 54.56189, 55.31727, 56.0803, 56.85068, 57.62812, 58.41233, 59.20304, 60, 60.80296]\n",
      "[37, 37.01351, 37.05401, 37.12142, 37.21559, 37.33631, 37.48333, 37.65634, 37.85499, 38.07887, 38.32754, 38.60052, 38.8973, 39.21734, 39.56008, 39.92493, 40.31129, 40.71855, 41.14608, 41.59327, 42.05948, 42.54409, 43.04649, 43.56604, 44.10215, 44.65423, 45.22168, 45.80393, 46.40043, 47.01064, 47.63402, 48.27007, 48.9183, 49.57822, 50.24938, 50.93133, 51.62364, 52.3259, 53.03772, 53.75872, 54.48853, 55.22681, 55.97321, 56.72742, 57.48913, 58.25805, 59.03389, 59.81639, 60.60528, 61.40033]\n",
      "[38, 38.01316, 38.0526, 38.11824, 38.20995, 38.32754, 38.47077, 38.63936, 38.83298, 39.05125, 39.29377, 39.56008, 39.84972, 40.16217, 40.49691, 40.8534, 41.23106, 41.62932, 42.04759, 42.48529, 42.94182, 43.41659, 43.909, 44.41846, 44.94441, 45.48626, 46.04346, 46.61545, 47.20169, 47.80167, 48.41487, 49.0408, 49.67897, 50.32892, 50.9902, 51.66237, 52.34501, 53.03772, 53.74012, 54.45181, 55.17246, 55.9017, 56.63921, 57.38467, 58.13777, 58.89822, 59.66574, 60.44005, 61.22091, 62.00806]\n",
      "[39, 39.01282, 39.05125, 39.11521, 39.20459, 39.31921, 39.45884, 39.62323, 39.81206, 40.02499, 40.26164, 40.5216, 40.80441, 41.10961, 41.4367, 41.78516, 42.15448, 42.54409, 42.95346, 43.38202, 43.82921, 44.29447, 44.77723, 45.27693, 45.79301, 46.32494, 46.87217, 47.43416, 48.01042, 48.60041, 49.20366, 49.81967, 50.44799, 51.08816, 51.73973, 52.40229, 53.07542, 53.75872, 54.45181, 55.15433, 55.86591, 56.58622, 57.31492, 58.0517, 58.79626, 59.5483, 60.30755, 61.07373, 61.84658, 62.62587]\n",
      "[40, 40.0125, 40.04997, 40.11234, 40.1995, 40.31129, 40.4475, 40.60788, 40.79216, 41, 41.23106, 41.48494, 41.76123, 42.05948, 42.37924, 42.72002, 43.08132, 43.46263, 43.86342, 44.28318, 44.72136, 45.17743, 45.65085, 46.14109, 46.64762, 47.16991, 47.70744, 48.25971, 48.82622, 49.40648, 50, 50.60632, 51.22499, 51.85557, 52.49762, 53.15073, 53.8145, 54.48853, 55.17246, 55.86591, 56.56854, 57.28001, 58, 58.72819, 59.46427, 60.20797, 60.959, 61.7171, 62.482, 63.25346]\n",
      "[41, 41.01219, 41.04875, 41.10961, 41.19466, 41.30375, 41.4367, 41.59327, 41.7732, 41.97618, 42.2019, 42.44997, 42.72002, 43.01163, 43.32436, 43.65776, 44.01136, 44.38468, 44.77723, 45.18849, 45.61798, 46.06517, 46.52956, 47.01064, 47.50789, 48.02083, 48.54894, 49.09175, 49.64877, 50.21952, 50.80354, 51.40039, 52.00961, 52.63079, 53.2635, 53.90733, 54.56189, 55.22681, 55.9017, 56.58622, 57.28001, 57.98276, 58.69412, 59.4138, 60.1415, 60.87693, 61.6198, 62.36986, 63.12686, 63.89053]\n",
      "[42, 42.0119, 42.04759, 42.10701, 42.19005, 42.29657, 42.42641, 42.57934, 42.75512, 42.95346, 43.17407, 43.41659, 43.68066, 43.9659, 44.27189, 44.59821, 44.94441, 45.31004, 45.69464, 46.09772, 46.51881, 46.95743, 47.41308, 47.88528, 48.37355, 48.8774, 49.39636, 49.92995, 50.47772, 51.0392, 51.61395, 52.20153, 52.80152, 53.41348, 54.03702, 54.67175, 55.31727, 55.97321, 56.63921, 57.31492, 58, 58.69412, 59.39697, 60.10824, 60.82763, 61.55485, 62.28965, 63.03174, 63.78087, 64.53681]\n",
      "[43, 43.01163, 43.04649, 43.10452, 43.18565, 43.28972, 43.41659, 43.56604, 43.73786, 43.93177, 44.14748, 44.38468, 44.64303, 44.92215, 45.22168, 45.54119, 45.88028, 46.23851, 46.61545, 47.01064, 47.42362, 47.85394, 48.30114, 48.76474, 49.24429, 49.73932, 50.24938, 50.77401, 51.31277, 51.86521, 52.43091, 53.00943, 53.60037, 54.20332, 54.81788, 55.44367, 56.0803, 56.72742, 57.38467, 58.0517, 58.72819, 59.4138, 60.10824, 60.81118, 61.52235, 62.24147, 62.96825, 63.70243, 64.44377, 65.19202]\n",
      "[44, 44.01136, 44.04543, 44.10215, 44.18144, 44.28318, 44.40721, 44.55334, 44.72136, 44.91102, 45.12206, 45.35416, 45.60702, 45.88028, 46.17359, 46.48656, 46.8188, 47.16991, 47.53946, 47.92703, 48.33218, 48.75449, 49.1935, 49.64877, 50.11986, 50.60632, 51.10773, 51.62364, 52.15362, 52.69725, 53.25411, 53.82379, 54.40588, 55, 55.60576, 56.22277, 56.85068, 57.48913, 58.13777, 58.79626, 59.46427, 60.1415, 60.82763, 61.52235, 62.2254, 62.93648, 63.65532, 64.38167, 65.11528, 65.8559]\n",
      "[45, 45.01111, 45.04442, 45.09989, 45.17743, 45.27693, 45.39824, 45.54119, 45.70558, 45.89118, 46.09772, 46.32494, 46.57252, 46.84015, 47.12749, 47.43416, 47.75982, 48.10405, 48.46648, 48.8467, 49.24429, 49.65884, 50.08992, 50.53712, 51, 51.47815, 51.97115, 52.47857, 53, 53.53504, 54.08327, 54.6443, 55.21775, 55.80323, 56.40035, 57.00877, 57.62812, 58.25805, 58.89822, 59.5483, 60.20797, 60.87693, 61.55485, 62.24147, 62.93648, 63.63961, 64.3506, 65.06919, 65.79514, 66.52819]\n",
      "[46, 46.01087, 46.04346, 46.09772, 46.17359, 46.27094, 46.38965, 46.52956, 46.69047, 46.87217, 47.07441, 47.29693, 47.53946, 47.80167, 48.08326, 48.38388, 48.70318, 49.0408, 49.39636, 49.76947, 50.15974, 50.56679, 50.9902, 51.42956, 51.88449, 52.35456, 52.83938, 53.33854, 53.85165, 54.3783, 54.91812, 55.47071, 56.0357, 56.61272, 57.2014, 57.80138, 58.41233, 59.03389, 59.66574, 60.30755, 60.959, 61.6198, 62.28965, 62.96825, 63.65532, 64.3506, 65.05382, 65.76473, 66.48308, 67.20863]\n",
      "[47, 47.01064, 47.04253, 47.09565, 47.16991, 47.26521, 47.38143, 47.51842, 47.67599, 47.85394, 48.05206, 48.27007, 48.50773, 48.76474, 49.0408, 49.33559, 49.64877, 49.98, 50.32892, 50.69517, 51.07837, 51.47815, 51.89412, 52.3259, 52.7731, 53.23533, 53.7122, 54.20332, 54.70832, 55.22681, 55.75841, 56.30275, 56.85948, 57.42822, 58.00862, 58.60034, 59.20304, 59.81639, 60.44005, 61.07373, 61.7171, 62.36986, 63.03174, 63.70243, 64.38167, 65.06919, 65.76473, 66.46804, 67.17887, 67.89698]\n",
      "[48, 48.01042, 48.04165, 48.09366, 48.16638, 48.25971, 48.37355, 48.50773, 48.6621, 48.83646, 49.0306, 49.24429, 49.47727, 49.72927, 50, 50.28916, 50.59644, 50.92151, 51.26402, 51.62364, 52, 52.39275, 52.80152, 53.22593, 53.66563, 54.12024, 54.58938, 55.07268, 55.56978, 56.0803, 56.60389, 57.14018, 57.68882, 58.24946, 58.82176, 59.40539, 60, 60.60528, 61.22091, 61.84658, 62.482, 63.12686, 63.78087, 64.44377, 65.11528, 65.79514, 66.48308, 67.17887, 67.88225, 68.593]\n",
      "[49, 49.0102, 49.0408, 49.09175, 49.16299, 49.25444, 49.36598, 49.49747, 49.64877, 49.81967, 50.01, 50.21952, 50.44799, 50.69517, 50.96077, 51.24451, 51.5461, 51.86521, 52.20153, 52.55473, 52.92447, 53.31041, 53.7122, 54.12947, 54.56189, 55.00909, 55.47071, 55.9464, 56.4358, 56.93856, 57.45433, 57.98276, 58.5235, 59.07622, 59.64059, 60.21628, 60.80296, 61.40033, 62.00806, 62.62587, 63.25346, 63.89053, 64.53681, 65.19202, 65.8559, 66.52819, 67.20863, 67.89698, 68.593, 69.29646]\n"
     ]
    }
   ],
   "source": [
    "import math\n",
    "\n",
    "def distance_matrix(rows, cols):\n",
    "    # Создаем пустую матрицу\n",
    "    matrix = [[0 for _ in range(cols)] for _ in range(rows)]\n",
    "    \n",
    "    # Координаты центра верхней ЛЕВОЙ ячейки (теперь (0.5, 0.5))\n",
    "    center_x = 0.5\n",
    "    center_y = 0.5\n",
    "    \n",
    "    for i in range(rows):\n",
    "        for j in range(cols):\n",
    "            # Координаты центра текущей ячейки\n",
    "            cell_x = j + 0.5\n",
    "            cell_y = i + 0.5\n",
    "            \n",
    "            # Вычисляем расстояние между центрами\n",
    "            distance = math.sqrt((cell_x - center_x)**2 + (cell_y - center_y)**2)\n",
    "            \n",
    "            # Округляем до двух знаков после запятой\n",
    "            rounded_distance = round(distance, 5)\n",
    "            \n",
    "            # Для целых чисел убираем .0\n",
    "            if rounded_distance == int(rounded_distance):\n",
    "                matrix[i][j] = int(rounded_distance)\n",
    "            else:\n",
    "                matrix[i][j] = rounded_distance\n",
    "    \n",
    "    return matrix\n",
    "\n",
    "# Пример использования\n",
    "rows, cols = 50, 50\n",
    "result = distance_matrix(rows, cols)\n",
    "for row in result:\n",
    "    print(row)"
   ]
  },
  {
   "cell_type": "code",
   "execution_count": 3,
   "id": "12cf696a",
   "metadata": {},
   "outputs": [
    {
     "name": "stdout",
     "output_type": "stream",
     "text": [
      "[0.0, 1.0, 1.0, 1.0, 1.0, 1.0, 1.0, 1.0, 1.0, 1.0, 1.0, 1.0, 1.0, 1.0, 1.0, 1.0, 1.0, 1.0, 1.0, 1.0, 1.0, 1.0, 1.0, 1.0, 1.0, 1.0, 1.0, 1.0, 1.0, 1.0, 1.0, 1.0, 1.0, 1.0, 1.0, 1.0, 1.0, 1.0, 1.0, 1.0, 1.0, 1.0, 1.0, 1.0, 1.0, 1.0, 1.0, 1.0, 1.0, 1.0]\n",
      "[1.0, 1.207, 1.125, 1.074, 1.048, 1.034, 1.025, 1.02, 1.016, 1.013, 1.011, 1.009, 1.008, 1.007, 1.006, 1.005, 1.005, 1.004, 1.004, 1.003, 1.003, 1.003, 1.003, 1.002, 1.002, 1.002, 1.002, 1.002, 1.002, 1.002, 1.001, 1.001, 1.001, 1.001, 1.001, 1.001, 1.001, 1.001, 1.001, 1.001, 1.001, 1.001, 1.001, 1.001, 1.001, 1.001, 1.001, 1.001, 1.001, 1.001]\n",
      "[1.0, 1.125, 1.116, 1.086, 1.062, 1.047, 1.036, 1.029, 1.024, 1.02, 1.017, 1.015, 1.013, 1.011, 1.01, 1.009, 1.008, 1.007, 1.006, 1.006, 1.005, 1.005, 1.004, 1.004, 1.004, 1.004, 1.003, 1.003, 1.003, 1.003, 1.003, 1.002, 1.002, 1.002, 1.002, 1.002, 1.002, 1.002, 1.002, 1.002, 1.001, 1.001, 1.001, 1.001, 1.001, 1.001, 1.001, 1.001, 1.001, 1.001]\n",
      "[1.0, 1.074, 1.086, 1.075, 1.06, 1.048, 1.039, 1.033, 1.028, 1.024, 1.02, 1.018, 1.016, 1.014, 1.012, 1.011, 1.01, 1.009, 1.008, 1.008, 1.007, 1.006, 1.006, 1.005, 1.005, 1.005, 1.004, 1.004, 1.004, 1.004, 1.003, 1.003, 1.003, 1.003, 1.003, 1.003, 1.002, 1.002, 1.002, 1.002, 1.002, 1.002, 1.002, 1.002, 1.002, 1.002, 1.002, 1.002, 1.001, 1.001]\n",
      "[1.0, 1.048, 1.062, 1.06, 1.053, 1.045, 1.038, 1.033, 1.028, 1.025, 1.022, 1.019, 1.017, 1.016, 1.014, 1.013, 1.012, 1.011, 1.01, 1.009, 1.008, 1.008, 1.007, 1.007, 1.006, 1.006, 1.005, 1.005, 1.005, 1.004, 1.004, 1.004, 1.004, 1.004, 1.003, 1.003, 1.003, 1.003, 1.003, 1.003, 1.003, 1.002, 1.002, 1.002, 1.002, 1.002, 1.002, 1.002, 1.002, 1.002]\n",
      "[1.0, 1.034, 1.047, 1.048, 1.045, 1.04, 1.036, 1.031, 1.028, 1.025, 1.022, 1.02, 1.018, 1.016, 1.015, 1.014, 1.013, 1.012, 1.011, 1.01, 1.009, 1.009, 1.008, 1.007, 1.007, 1.007, 1.006, 1.006, 1.005, 1.005, 1.005, 1.005, 1.004, 1.004, 1.004, 1.004, 1.004, 1.003, 1.003, 1.003, 1.003, 1.003, 1.003, 1.003, 1.003, 1.002, 1.002, 1.002, 1.002, 1.002]\n",
      "[1.0, 1.025, 1.036, 1.039, 1.038, 1.036, 1.032, 1.029, 1.026, 1.024, 1.022, 1.02, 1.018, 1.017, 1.015, 1.014, 1.013, 1.012, 1.011, 1.011, 1.01, 1.009, 1.009, 1.008, 1.008, 1.007, 1.007, 1.006, 1.006, 1.006, 1.005, 1.005, 1.005, 1.005, 1.004, 1.004, 1.004, 1.004, 1.004, 1.003, 1.003, 1.003, 1.003, 1.003, 1.003, 1.003, 1.003, 1.003, 1.002, 1.002]\n",
      "[1.0, 1.02, 1.029, 1.033, 1.033, 1.031, 1.029, 1.027, 1.025, 1.023, 1.021, 1.019, 1.018, 1.017, 1.015, 1.014, 1.013, 1.012, 1.012, 1.011, 1.01, 1.01, 1.009, 1.009, 1.008, 1.008, 1.007, 1.007, 1.006, 1.006, 1.006, 1.006, 1.005, 1.005, 1.005, 1.005, 1.004, 1.004, 1.004, 1.004, 1.004, 1.004, 1.003, 1.003, 1.003, 1.003, 1.003, 1.003, 1.003, 1.003]\n",
      "[1.0, 1.016, 1.024, 1.028, 1.028, 1.028, 1.026, 1.025, 1.023, 1.021, 1.02, 1.019, 1.017, 1.016, 1.015, 1.014, 1.013, 1.013, 1.012, 1.011, 1.01, 1.01, 1.009, 1.009, 1.008, 1.008, 1.008, 1.007, 1.007, 1.006, 1.006, 1.006, 1.006, 1.005, 1.005, 1.005, 1.005, 1.005, 1.004, 1.004, 1.004, 1.004, 1.004, 1.004, 1.003, 1.003, 1.003, 1.003, 1.003, 1.003]\n",
      "[1.0, 1.013, 1.02, 1.024, 1.025, 1.025, 1.024, 1.023, 1.021, 1.02, 1.019, 1.018, 1.017, 1.016, 1.015, 1.014, 1.013, 1.012, 1.012, 1.011, 1.011, 1.01, 1.01, 1.009, 1.009, 1.008, 1.008, 1.007, 1.007, 1.007, 1.006, 1.006, 1.006, 1.006, 1.005, 1.005, 1.005, 1.005, 1.005, 1.004, 1.004, 1.004, 1.004, 1.004, 1.004, 1.004, 1.003, 1.003, 1.003, 1.003]\n",
      "[1.0, 1.011, 1.017, 1.02, 1.022, 1.022, 1.022, 1.021, 1.02, 1.019, 1.018, 1.017, 1.016, 1.015, 1.014, 1.014, 1.013, 1.012, 1.012, 1.011, 1.011, 1.01, 1.01, 1.009, 1.009, 1.008, 1.008, 1.008, 1.007, 1.007, 1.007, 1.006, 1.006, 1.006, 1.006, 1.005, 1.005, 1.005, 1.005, 1.005, 1.004, 1.004, 1.004, 1.004, 1.004, 1.004, 1.004, 1.004, 1.003, 1.003]\n",
      "[1.0, 1.009, 1.015, 1.018, 1.019, 1.02, 1.02, 1.019, 1.019, 1.018, 1.017, 1.016, 1.015, 1.014, 1.014, 1.013, 1.012, 1.012, 1.011, 1.011, 1.01, 1.01, 1.01, 1.009, 1.009, 1.008, 1.008, 1.008, 1.007, 1.007, 1.007, 1.007, 1.006, 1.006, 1.006, 1.006, 1.005, 1.005, 1.005, 1.005, 1.005, 1.004, 1.004, 1.004, 1.004, 1.004, 1.004, 1.004, 1.004, 1.003]\n",
      "[1.0, 1.008, 1.013, 1.016, 1.017, 1.018, 1.018, 1.018, 1.017, 1.017, 1.016, 1.015, 1.014, 1.014, 1.013, 1.013, 1.012, 1.012, 1.011, 1.011, 1.01, 1.01, 1.009, 1.009, 1.009, 1.008, 1.008, 1.008, 1.007, 1.007, 1.007, 1.007, 1.006, 1.006, 1.006, 1.006, 1.006, 1.005, 1.005, 1.005, 1.005, 1.005, 1.004, 1.004, 1.004, 1.004, 1.004, 1.004, 1.004, 1.004]\n",
      "[1.0, 1.007, 1.011, 1.014, 1.016, 1.016, 1.017, 1.017, 1.016, 1.016, 1.015, 1.014, 1.014, 1.013, 1.013, 1.012, 1.012, 1.011, 1.011, 1.01, 1.01, 1.01, 1.009, 1.009, 1.009, 1.008, 1.008, 1.008, 1.007, 1.007, 1.007, 1.007, 1.006, 1.006, 1.006, 1.006, 1.006, 1.005, 1.005, 1.005, 1.005, 1.005, 1.005, 1.004, 1.004, 1.004, 1.004, 1.004, 1.004, 1.004]\n",
      "[1.0, 1.006, 1.01, 1.012, 1.014, 1.015, 1.015, 1.015, 1.015, 1.015, 1.014, 1.014, 1.013, 1.013, 1.012, 1.012, 1.011, 1.011, 1.01, 1.01, 1.01, 1.009, 1.009, 1.009, 1.008, 1.008, 1.008, 1.008, 1.007, 1.007, 1.007, 1.007, 1.006, 1.006, 1.006, 1.006, 1.006, 1.006, 1.005, 1.005, 1.005, 1.005, 1.005, 1.005, 1.004, 1.004, 1.004, 1.004, 1.004, 1.004]\n",
      "[1.0, 1.005, 1.009, 1.011, 1.013, 1.014, 1.014, 1.014, 1.014, 1.014, 1.014, 1.013, 1.013, 1.012, 1.012, 1.011, 1.011, 1.01, 1.01, 1.01, 1.009, 1.009, 1.009, 1.009, 1.008, 1.008, 1.008, 1.008, 1.007, 1.007, 1.007, 1.007, 1.006, 1.006, 1.006, 1.006, 1.006, 1.006, 1.005, 1.005, 1.005, 1.005, 1.005, 1.005, 1.005, 1.004, 1.004, 1.004, 1.004, 1.004]\n",
      "[1.0, 1.005, 1.008, 1.01, 1.012, 1.013, 1.013, 1.013, 1.013, 1.013, 1.013, 1.012, 1.012, 1.012, 1.011, 1.011, 1.01, 1.01, 1.01, 1.009, 1.009, 1.009, 1.009, 1.008, 1.008, 1.008, 1.008, 1.007, 1.007, 1.007, 1.007, 1.007, 1.006, 1.006, 1.006, 1.006, 1.006, 1.006, 1.005, 1.005, 1.005, 1.005, 1.005, 1.005, 1.005, 1.004, 1.004, 1.004, 1.004, 1.004]\n",
      "[1.0, 1.004, 1.007, 1.009, 1.011, 1.012, 1.012, 1.012, 1.013, 1.012, 1.012, 1.012, 1.012, 1.011, 1.011, 1.01, 1.01, 1.01, 1.01, 1.009, 1.009, 1.009, 1.008, 1.008, 1.008, 1.008, 1.008, 1.007, 1.007, 1.007, 1.007, 1.007, 1.006, 1.006, 1.006, 1.006, 1.006, 1.006, 1.005, 1.005, 1.005, 1.005, 1.005, 1.005, 1.005, 1.005, 1.004, 1.004, 1.004, 1.004]\n",
      "[1.0, 1.004, 1.006, 1.008, 1.01, 1.011, 1.011, 1.012, 1.012, 1.012, 1.012, 1.011, 1.011, 1.011, 1.01, 1.01, 1.01, 1.01, 1.009, 1.009, 1.009, 1.008, 1.008, 1.008, 1.008, 1.008, 1.007, 1.007, 1.007, 1.007, 1.007, 1.006, 1.006, 1.006, 1.006, 1.006, 1.006, 1.006, 1.005, 1.005, 1.005, 1.005, 1.005, 1.005, 1.005, 1.005, 1.004, 1.004, 1.004, 1.004]\n",
